oi_prefix="dd_oi_"
stg_prefix="dd_stg_"
dm_prefix="md_"
duplicate_table_suffix="_dup"
ld_prefix="dd_ld_"
fsdm_prefix="dd_fsdm"
dup_prefix= "dd_dup_"
bteq_run_file="C:\Logon\Logon_dev.txt"
SGK_Source= "ESALSIHBE"

Rid_list = [30511,30512,30513,30514,30515,30516,30517,30518,30519,30520,30521,30522,30523,30524,30525,30526,30527,30528,30529,30530,30531,30532,30533,30534,30535,30536,30537,30538,30539,30545,30546,30547,30548,30549,30550,30551,30552,30553,30554,30555]



read_sheets_parallel=1
smx_path="C:/smx_sheets"
templates_path= "C:/Users/TDInstaller/PycharmProjects/SAMA_UDI/Templates"
home_output_folder= "C:/smx_scripts"

x = [30511,30512,30513,30514,30515,30516,30517,30518,30519,30520,30521,30522,30523,30524,30525,30526,30527,30528,30529,30530,30531,30532,30533,30534,30535,30536,30537,30538,30539,30545,30546,30547,30548,30549,30550,30551,30552,30553,30554,30555]

